`.Random.seed` <-
c(403L, 19L, 968045462L, -721436864L, -1070329341L, -1840420831L, 
-953466096L, -552345362L, 2044625049L, 682272043L, 1701714970L, 
1609232092L, -1743517985L, -1427279691L, 402290252L, -193832286L, 
-1657060867L, -5616905L, -1785717730L, -1165207848L, -676820421L, 
-1717065767L, 1478487400L, 1741479062L, 965892625L, -1167551549L, 
-230641710L, 1111108196L, 1131866535L, 679839485L, 605258484L, 
1822115290L, 1928878373L, 1780121663L, -749322298L, 1380607056L, 
850167923L, 1934036113L, 858270912L, -1403117922L, -1411763607L, 
-1364610405L, 120553386L, -639104052L, -391870833L, 1454053061L, 
-1200578948L, 1687024338L, 1127052877L, 1550670599L, 2037227246L, 
-1235428408L, -751670069L, 1456952617L, -1854655112L, -1771640154L, 
177933505L, -1383862957L, -2130367998L, 400241460L, 911876279L, 
-1198307155L, 696628676L, -652507670L, -2003805611L, 369419247L, 
386204662L, 1984869664L, -139633949L, -334939263L, 212540912L, 
-83475314L, -1440412679L, 1784277387L, 878302650L, -539231044L, 
-669511681L, -1083249323L, 568364652L, 236440258L, 729730333L, 
-1831124073L, -1538304258L, -2085256008L, 1174812315L, -375466759L, 
1015604808L, -377323146L, -762255183L, 112340195L, 992009138L, 
986727428L, -1881127097L, -1953735139L, 272299156L, 611177530L, 
-1799836027L, 1903808351L, 438472678L, 807854704L, -2115959405L, 
-35696079L, 1205522656L, 1970653566L, 1523756041L, 535198779L, 
970605066L, -1039857172L, 452841071L, -377183835L, -868468388L, 
1550755122L, 1439980589L, -2020478233L, 1489745934L, 517794280L, 
1625566187L, -1597582199L, -2133258216L, -68645050L, -1041379935L, 
-729054157L, 2091256226L, -1296307052L, 628001559L, 1640285453L, 
1510421540L, -150805494L, -2079753867L, -542367537L, 724882390L, 
1678609280L, -273465405L, 2142419297L, 1894944720L, 1721321262L, 
-205104423L, -1114228501L, -580843174L, -1503472868L, -1889499617L, 
-1748771211L, 218741516L, -256051486L, -1910383683L, 1725512759L, 
1560030942L, 1644972568L, -1718774405L, -1502606055L, -1180954200L, 
567862614L, -1858611759L, -163009149L, -2103249902L, -1254883420L, 
-893200537L, -29096771L, 1326969908L, -1954007142L, -1965972507L, 
-1953325185L, 206077702L, 2134161552L, -1477226189L, 2091501265L, 
-1642654592L, 407672158L, 241478313L, -747752101L, 2060560234L, 
2118381068L, -1244666289L, 265022213L, 957098940L, 1189887634L, 
-1300505203L, -1826484793L, 898133678L, -2072164600L, 893588747L, 
-827399191L, -1762847560L, 954647398L, 694839297L, 598931091L, 
1454819650L, 718251764L, 1577267959L, -1520442643L, -1338524284L, 
-722013270L, -1845737195L, 1438401455L, 1475550134L, -508165664L, 
-886365917L, -427420095L, 2121767216L, -75224242L, 1354183097L, 
1555557323L, 433037434L, 267698556L, 1147523519L, -1161761131L, 
-828648276L, 648609410L, -1141270947L, -1568442025L, -1016863682L, 
267249784L, 262910811L, -1113133383L, -894901496L, -1317398090L, 
-44194063L, 908816675L, -882449550L, 1594837444L, -862506617L, 
399903581L, 2007811412L, -76372102L, -1685174587L, 324274207L, 
-214159450L, 134484272L, -543487021L, -214134048L, -2075656324L, 
641130192L, -1376579422L, 772527144L, -1660562164L, -491671620L, 
952103218L, -1240190528L, 1395419700L, 1438417864L, -1239174982L, 
-542291568L, -423728660L, 1532885588L, -1300170606L, 607934240L, 
-767168052L, 1084945888L, -2088229182L, -475751384L, 195721900L, 
-901454660L, -1835568654L, 1591574832L, 1647082660L, -243962184L, 
689270106L, -173007472L, 1051097980L, -567316204L, 1037734722L, 
320305920L, 1744644028L, -41654448L, 260973346L, -31795896L, 
-572280308L, 300554332L, -2118794030L, -1137532416L, -691727020L, 
569049576L, 138374138L, 637227216L, 1839623468L, -1255619852L, 
123822482L, -499362720L, -1854780148L, 511734496L, 1434603874L, 
1223408296L, -268033460L, -1123190404L, -955286222L, 1581781104L, 
263417668L, -1679743528L, -1321091974L, -1178665424L, -459844932L, 
1502947156L, 576996418L, -811942496L, 913550012L, 93114832L, 
-806009502L, -148533272L, -1393344564L, 1362474748L, 965237234L, 
-670560128L, -1503761164L, 696290952L, -2134163654L, -855631024L, 
1419882092L, -105969516L, -273311406L, 283236064L, -1394222388L, 
-912981856L, -1361589374L, -836623640L, -1945910548L, 387165244L, 
763329138L, -179518352L, 1030913572L, 85253176L, -1320499174L, 
-174507312L, 1831869500L, 116876436L, 1429314690L, -1927258176L, 
370356540L, 818461328L, -570739678L, -1565142008L, 1646028940L, 
-1122245604L, 1277656722L, -1048034176L, -2059481068L, -318612184L, 
-1513480646L, 1331498192L, 1542857836L, -640437580L, -993042414L, 
-1830545440L, 1824921548L, -985281056L, -485423582L, 1172357416L, 
-862152436L, 998565436L, -238702350L, -1465797904L, -158071996L, 
-2063162792L, 1383270970L, -1914552592L, -1210125124L, 818501140L, 
-1506854718L, -1140619168L, 931190140L, 62411984L, 1035885602L, 
-1732197720L, 241133452L, 2084352444L, -136293326L, 358389568L, 
-1881593676L, 613432136L, -518481222L, -2132633840L, -1790902036L, 
281269332L, 658398994L, -1400054880L, 880164812L, 1835350880L, 
-625143614L, 1479845416L, 1581098412L, 132439868L, -472676494L, 
46848816L, -280067548L, 1083611192L, -944331558L, -808851056L, 
-826571012L, 672411540L, -946967742L, -896310784L, 354122300L, 
154566224L, 1009269410L, 960781128L, 1123705356L, -251056932L, 
-1978410414L, -1646409600L, 909253460L, 784972264L, 408718074L, 
-701040816L, 1694432300L, 1423242612L, -2026420590L, -1716159904L, 
-47742324L, -1552909472L, -1789140254L, 1521467560L, 6684876L, 
-1126921732L, 586338226L, -1278536208L, 641287620L, -1989746856L, 
-1650660486L, 1283282352L, -647603780L, 392538196L, 798862274L, 
-526777568L, -474021956L, 106547792L, -1630945822L, -396783256L, 
-1435759284L, -815200004L, 886334194L, -1373448448L, 1329399412L, 
-1160075256L, -703596102L, 1789040592L, 1487542764L, 393269140L, 
-1200147758L, 311455328L, 575276364L, -1793354464L, -1933733246L, 
657205736L, -1048016916L, 116946492L, 1155673714L, 1443308400L, 
185035044L, 1083322936L, 379781530L, -1985426992L, -1670619716L, 
1674979476L, 885652610L, 1504789952L, 553714492L, 731231376L, 
-1619173325L, 565732948L, 791900770L, 83490039L, 179892033L, 
2097057222L, -2069963004L, -1931879755L, -321235553L, -1667569160L, 
1145497558L, 798929507L, -499307995L, 986960322L, 655365808L, 
131731161L, 372299851L, 227477180L, 1313613034L, 586969375L, 
-1721368151L, -1610979522L, -732310996L, 1143324797L, 1435050695L, 
-130737232L, -998257202L, -1755693317L, -886241955L, -781021558L, 
-1121940312L, -2051106799L, 1446226179L, -1310931964L, -314577870L, 
-1591606137L, -1075588911L, 1000358486L, 1407511092L, 34738501L, 
-673977457L, 310284040L, 768489766L, -2025248301L, 1292813109L, 
-308161902L, -787478944L, -1234354231L, -660050181L, 574435532L, 
277424474L, -1637219249L, 660359449L, 1750184750L, -1297130180L, 
2062125741L, 770032983L, -1651084128L, -1415675394L, 1576758475L, 
-1768576307L, 866059770L, 1937827384L, -1262048287L, -564202349L, 
-1805504844L, 1245254594L, 1199876055L, -823826399L, 1190944742L, 
1122106084L, -1804153323L, -2007247297L, 1706690008L, 1496312822L, 
333063171L, -1657813179L, -1925426334L, -470057776L, 628205561L, 
480226091L, 1586782364L, -913097014L, 592062399L, -535346423L, 
1301527582L, 1410418124L, -1924051043L, -2004854233L, -616105904L, 
767369454L, 1183722907L, -1697803267L, -1464373526L, 687159688L, 
-1618749647L, -1949562973L, -348565596L, 845736530L, 1271857575L, 
-1457310223L, -1471069898L, -1376740908L, -359583899L, -1611030673L, 
1500586408L, -1262045434L, 1879274035L, 588656789L, -999468814L, 
-799061696L, 1466103465L, -579645669L, -1317054228L, -1983073030L, 
1146092847L, 489040185L, 213228366L, 858743196L, 1175698189L, 
-1168290441L, 1652935040L, -2018308130L, -1716881237L, -154719315L, 
988975130L, 1678280408L, 951912257L, -1016367117L, -1255507436L, 
1067410338L, -1004741449L, -1513736575L, -92844410L, 419182276L, 
1382905845L, 131800671L, 1464858808L, 318897558L, 1436790691L, 
-1129241755L, 267371138L, 1108185072L, -1682155111L, -47835253L, 
