`.Random.seed` <-
c(403L, 297L, 1649177808L, 1254152242L, -1314857505L, 1590018986L, 
1421152028L, 2054216645L, -907007656L, -511520457L, -978900921L, 
1859339599L, 1973135424L, -883744287L, -685847534L, 1398958716L, 
2118767366L, 401190637L, 1895207970L, 1030533341L, -1962745314L, 
-889859838L, 2135520355L, -1257166759L, -441909838L, -1708759949L, 
-88002294L, -517724761L, -1313230071L, -696961219L, 923742236L, 
-713118798L, 478427171L, 871120749L, -947843209L, 709653346L, 
-150109217L, -148700278L, 2055925387L, 189938045L, 1316534296L, 
-338900380L, 933827763L, -8470437L, -1558415765L, 707701804L, 
1460722953L, 1735567277L, -1164855110L, -584741363L, 1720027241L, 
1500674695L, -303166306L, 22025011L, 2021771284L, 2001598434L, 
79980263L, 2084703382L, 2086360151L, 686389272L, -1196833954L, 
648336522L, 138452731L, 1944957831L, 2003167183L, 1135946674L, 
2071578790L, 1752878003L, -2129032551L, 1331326588L, -545275328L, 
1865378265L, -619944756L, 1297775763L, 1531923253L, -1119977392L, 
-1630705206L, 281399351L, 1978608968L, 775114914L, 912063014L, 
520130686L, -2078262441L, -1005015664L, 1266898649L, -1880679037L, 
1239058121L, 1811735624L, -1589184434L, -1268540081L, -849777047L, 
-807336495L, -2051603680L, 1564894639L, -1510275772L, -1920136784L, 
-946955266L, -539066474L, -1830551112L, -63472465L, 972845368L, 
-773338128L, -1025471687L, -93857973L, -547074452L, 1067402080L, 
-346449645L, -867895120L, -1491718175L, 1478850063L, 1561990547L, 
1255906653L, -1974823606L, -1104623601L, -421634023L, -1803640601L, 
-1319757121L, -1833534875L, -314567528L, 125557207L, 481056510L, 
384714653L, 6953829L, -772443853L, -548505440L, 1409761877L, 
-1394729586L, 1052679157L, 984223177L, -1890683300L, -505329767L, 
1996113307L, -1009637686L, 1219699434L, 1134999913L, -1627379849L, 
-2002456380L, 478466552L, -1261476147L, 84749200L, -289695747L, 
282268301L, -249047939L, 2095929996L, 1864801163L, 1672282394L, 
-192169649L, -1639837245L, -2034681298L, -548507346L, -543248174L, 
1425577481L, 1886583073L, -916317366L, 1446755492L, -719229549L, 
1607331043L, 1378726136L, -1213846181L, 1823735374L, -1434513858L, 
-1145070108L, 1860143546L, 2100852702L, -545596107L, 604074166L, 
-1618362824L, 1375045777L, 741343312L, -994482786L, -949809130L, 
-1431985031L, -1580351836L, -59301057L, 964707751L, -909515663L, 
-2050776501L, -116399871L, -1914632042L, 273184553L, 1470791061L, 
-1300762178L, -1709170421L, -579050132L, -1014458978L, -679101546L, 
1138485851L, -226072629L, 3463448L, -1358733835L, -1602113583L, 
1908839653L, -1592498915L, -684785287L, 166495325L, -113554158L, 
558441652L, 1498068024L, 1658195830L, -2130390066L, 376598670L, 
697098843L, -1274821315L, 1133843537L, 490181046L, -1888995242L, 
1998746882L, 266680815L, 351739424L, -866371778L, -1210659928L, 
2090159790L, -1907968960L, 302761514L, -521709610L, -1409331363L, 
-234718742L, 189881706L, 1952446037L, 1149980493L, 1087703931L, 
-1484854488L, 1157164003L, 1934812673L, 2019452781L, 1853884238L, 
-1904783965L, 1574506564L, -1088462477L, -74827226L, 657680340L, 
1216207616L, 873707763L, 1986548785L, 1443652186L, 790226643L, 
952392775L, -775725653L, -724738288L, -1547424791L, -1012144989L, 
1024567187L, -920567544L, 590917983L, 1528848492L, -1633492774L, 
293218065L, 1482366624L, -1995865493L, -1474115597L, 1472939132L, 
-2049540780L, 526933754L, -1027935514L, 741164794L, 1038332007L, 
-714719676L, 993841021L, -1216730343L, 1587842952L, 678437707L, 
-1749045646L, 1045471623L, -329271457L, 1148962792L, 1574174302L, 
1278602792L, -1260572887L, 1923437806L, 239820944L, -446103524L, 
1850624513L, 1407048572L, 357924760L, -1686412456L, -1801302368L, 
-1056708152L, 1405880357L, 69436301L, 1581295760L, -1914818669L, 
596811585L, 907598836L, -2053544027L, 1007363448L, -190149831L, 
921905135L, 1087937191L, 411704971L, 270706711L, 1381925382L, 
140305182L, -2129348152L, -1139979756L, -245612128L, 1221578948L, 
296167823L, 599179438L, 735435865L, -645686594L, -1761936455L, 
575521979L, -263922598L, 832682169L, -440999597L, 163724756L, 
-1871584751L, -736326468L, 449177878L, -1600960275L, -1528679051L, 
1305651923L, 1838405500L, -435549554L, 305371621L, 1908644350L, 
605833643L, -872288720L, -673778206L, 950175451L, -1601062577L, 
1999510705L, 1954788184L, -1271561653L, -1510968269L, -684811604L, 
-1999083512L, 349804171L, -1020278750L, -305403621L, -1383848018L, 
-1290551192L, 288886918L, -717650575L, 743069741L, 713081411L, 
-1639398294L, -243731918L, 354489152L, 1763616086L, -1174564330L, 
-567184095L, -516480235L, -1830790872L, 1563978426L, 302776926L, 
-1278728243L, -404134964L, -1660153341L, -975993816L, -275446809L, 
-1637600238L, 1449170552L, -779619217L, 2017359506L, -1261057693L, 
-1915383676L, -1111452570L, -38659339L, -1807896769L, 1354701081L, 
700746655L, -1596762622L, 967066138L, 740933697L, -1023953039L, 
528260121L, -1018161609L, -2133841654L, 639249573L, -1828475088L, 
827387654L, -1382254094L, 47008514L, 154675254L, -619253174L, 
2100708542L, 1080663662L, 125163612L, -2139510808L, 1095881786L, 
780373006L, -1622419187L, -964076853L, -638910095L, 269862765L, 
-1077853258L, -1153139789L, 856034691L, -1303126376L, 1295481119L, 
-781587139L, -1667647646L, -2103320230L, -976043360L, 696854219L, 
-30699290L, -1941552292L, 1467387148L, 1848244357L, 734193851L, 
1694600519L, 1079666357L, -1731370280L, -1896846904L, -953888982L, 
-666987585L, 1061637558L, -126038112L, 845795509L, -1817945606L, 
292134006L, -1175711383L, 2138424825L, 993130884L, -1737247725L, 
-1148882960L, -703638413L, -938535590L, 857890943L, -1119292889L, 
1372274369L, -1320008425L, -713598755L, 1136729808L, 459917297L, 
740041234L, 1073158862L, -1133055783L, -1368419170L, -609848099L, 
1821284357L, 1322602637L, -616339438L, 612160157L, 1058588435L, 
1407804179L, -2073937497L, 1711737276L, -63998507L, -108588224L, 
1848924885L, -1342890223L, 182537070L, 366000340L, 953388529L, 
1782502926L, 1552280807L, 999300846L, -365105883L, -1948548104L, 
449947679L, -486344238L, 1074617963L, -813448236L, -1574791052L, 
1596109198L, -1569551465L, -763380008L, 1173934628L, -1689300098L, 
-1589958034L, 1227345428L, -1677770730L, 197414286L, 1466295834L, 
-1136569043L, -765807756L, 1513596748L, 1657864658L, -1444724280L, 
-2131937086L, 1925509903L, -1058044918L, -993171L, -200667573L, 
1333054364L, 2036616107L, 607201638L, -348758905L, 1483379950L, 
637879457L, -582465347L, 320919494L, -2008936457L, 1712589900L, 
-1420315182L, 1215566300L, -256824942L, 1704374186L, 1888106182L, 
-1533378417L, 2086869619L, 2078364480L, 125500344L, 142744436L, 
392825401L, 357431973L, 601236591L, 1615721141L, -867567693L, 
1488394364L, -2011502816L, -177133322L, -83886932L, 1332106801L, 
1722359843L, -508961403L, -913469415L, 128014290L, 890969987L, 
-532389757L, -1204492744L, 1049718184L, -635747943L, 1339789295L, 
-1438129221L, 1229235415L, -520844628L, 1450921257L, -88551979L, 
620876732L, 1202070728L, 917948234L, -237277764L, 1200177241L, 
-667326150L, 196140295L, -1457393429L, -1744974697L, -2083422428L, 
-944590728L, -1595889208L, 1354502462L, 1694694571L, 864313487L, 
-1571455217L, -1793510156L, 96901968L, -544949897L, -734777123L, 
-571835223L, -1583059607L, 448240462L, 785942346L, -115944017L, 
2018844122L, -669725627L, 1370121389L, -644744910L, -1516587330L, 
-1434778739L, 2048501568L, -1230179358L, 727013944L, -2129102991L, 
200056630L, 425776527L, -267032902L, -490729749L, 1129671206L, 
768498558L, 494452095L, 1434029991L, 48861260L, -1929666465L, 
-695341803L, 309506940L, -780177922L, 365443243L, 638149201L, 
1658036835L, -305999550L, 1180446847L, 40877367L, 937873110L, 
-2013404041L, 1357138345L, -1489784392L, 660851966L, -1878046554L, 
1101717136L, -854749561L, -892655123L, -2146702005L, 1218881735L, 
-558738794L, 1748064850L, -411393468L, -738689920L, 990977343L, 
-13227176L, -1468854697L, 750011821L, -108037841L, 2017998731L, 
191649348L, 1546913888L, -1063323716L, 1479788845L, 1282333499L, 
-220180645L, -749986171L, -873566580L, 834484799L, 941114832L, 
