`.Random.seed` <-
c(403L, 34L, -1443982524L, 1322972307L, 1933509601L, -400351365L, 
-1219044192L, 910863397L, -1844272245L, -1320476787L, -406684921L, 
-45712052L, -801868542L, 1588668886L, 1978013226L, -1459220562L, 
948822446L, -1807307871L, 46707760L, -161261649L, -516420742L, 
796822813L, 776480737L, -163437413L, -496074779L, 1245815990L, 
-632939573L, 1442201552L, -116112770L, 1128034994L, 1352955770L, 
404492081L, 897127380L, 918568473L, 136728663L, -1811973783L, 
-2106751326L, -1819086052L, -1484696887L, 1550192704L, 28672858L, 
-1887074722L, -458260014L, -1047765299L, 1408629286L, 193963078L, 
1505443133L, 379564423L, -514619117L, -1980039148L, -732477963L, 
1116818165L, -731967025L, 1589429801L, -1541174535L, -857987854L, 
365938705L, 1568671795L, -1609364333L, 245002358L, -68779177L, 
1718025749L, -532936577L, -647601477L, -1642304218L, 1823396820L, 
-162679750L, 312948995L, -35354724L, -610146985L, -519592572L, 
-1350703560L, -829404165L, 446596749L, -297820520L, -869239014L, 
788657902L, 1022927184L, 725695275L, -1815345507L, 565130340L, 
-127335228L, -1878560685L, 597091700L, 709462617L, 472966381L, 
1212757197L, -1423273820L, -1074057738L, -1361788538L, -913856691L, 
-2021536307L, -156573092L, -34472281L, 493192336L, -2053316457L, 
-408349905L, -1046975413L, -331093354L, 524386094L, -47709742L, 
-1879617233L, -1310540739L, -74750046L, -112806185L, -43766742L, 
-1941283939L, -1446462986L, -1417320L, 1803279933L, -1731545768L, 
1321795808L, -238570415L, -1689316124L, 1649690900L, 1478318216L, 
914157226L, 1939156863L, 1727891405L, -1600294446L, 1100869257L, 
-1950981206L, 1707496476L, 74570350L, -1667652133L, 1820312785L, 
-149953986L, -443745444L, -441826757L, 1350956931L, 2128739401L, 
-820192497L, -1095157775L, 2116054920L, -1941457374L, 48355110L, 
475300469L, 1770847529L, -1714702720L, -80107725L, -750600878L, 
-1681645177L, 654870991L, -232819529L, 203814148L, 233272991L, 
-927034151L, -259613401L, 111455839L, -423987194L, -895871650L, 
1425382341L, -1459128463L, 303217639L, -1988789697L, 1103052257L, 
1529111425L, -79780567L, -1227842492L, -1252040507L, -848283193L, 
-1794431020L, 679447072L, -1150652911L, -1960014297L, -1158416739L, 
-1851771458L, 1136341119L, -1531187274L, 777143203L, -226288415L, 
923403175L, 1758209985L, -1576214542L, 14228647L, -605342367L, 
-1987039448L, -591039641L, -1925611423L, -297850323L, -1984880817L, 
-1736622762L, -1738662332L, -814140898L, 414675287L, 1022356113L, 
-1462242421L, -735612889L, 1283021748L, -440164851L, 1004693846L, 
-278040078L, 987356022L, -940047255L, -278798820L, -1386816112L, 
367712552L, 855132900L, -1313851564L, -1646915957L, -1380805120L, 
-530020485L, 1030263317L, 94163979L, -1968672626L, 1137676501L, 
2018050354L, 1073386342L, -889822746L, 699835730L, -1362156815L, 
-1461701401L, -1038564189L, 630116401L, -764949678L, -1427774912L, 
775400122L, -527627358L, -1926026282L, -362793485L, -1882535359L, 
-109634630L, -351943728L, -1351359987L, 1214655730L, 1898003095L, 
-2088400671L, 984100746L, 1329539666L, 1561881234L, 780521048L, 
1023164491L, 855627038L, 461127014L, 1926660109L, 555211040L, 
924785530L, 1265301738L, 1085552661L, -132665729L, 1058727017L, 
-1164005667L, 1505958569L, 722052298L, 767084037L, 206884027L, 
627939586L, 1142697911L, 960869633L, -203302659L, -1093051268L, 
913556393L, 872078675L, 1545432967L, 1720044187L, 1728661701L, 
471255947L, -2939464L, -1860836609L, 1420449543L, 1614431674L, 
-621740009L, -912487599L, -1160519320L, 964819119L, 514170966L, 
-462234321L, -1149070128L, 1619885563L, -1552167963L, -2033010242L, 
-731491971L, -1959763485L, 929638257L, 1743938687L, 39892261L, 
1837508963L, 66739613L, -1679572582L, 480238471L, 1837987278L, 
1973165161L, -2044771782L, -978848207L, 575822378L, -1094488616L, 
64440949L, 1529351538L, 1611880753L, 1095440312L, -1693608234L, 
224018717L, 1968790737L, 604021054L, 953454428L, 138983903L, 
1759216661L, 1052215029L, -1595103304L, 2105620397L, -1235163937L, 
2070549169L, 1338078208L, -457036248L, 450507901L, -1110821204L, 
262230954L, 612446608L, -1984968996L, -656605178L, 859414633L, 
-434441937L, -1006825608L, -1029333605L, -1029959706L, 1261037601L, 
168715026L, -1417505555L, -2042154990L, -969009448L, -1410767383L, 
-1869890706L, -837901885L, -1357157448L, -1327816914L, -2109980145L, 
-2125930295L, -1654548142L, -1711821084L, 1709733838L, 409399081L, 
-1885405954L, 1753704552L, -436421233L, -846838201L, -1008745975L, 
-679663674L, -571794612L, -126588229L, -1694778447L, 946544341L, 
1464744107L, 1192104118L, 2055692986L, 1426869306L, -1013284293L, 
-1227748559L, -661641887L, 787284659L, -1830688822L, 1006364513L, 
-1208239061L, 678712632L, 742147212L, -686001235L, 722391569L, 
207945146L, -2088866848L, -600642236L, -1913312951L, -385391359L, 
-2127491020L, -492155527L, -1140492889L, 1407406472L, -263190014L, 
2010962561L, -1137493467L, 488177953L, 395383197L, 750500918L, 
1016748428L, -327075579L, -1946279782L, -1258263882L, -477418402L, 
1876650115L, -713459115L, 425351468L, -433557393L, -1406925468L, 
-2027396107L, 484686022L, -888354604L, -76180712L, -1188380167L, 
1716040L, 130382787L, 1045879364L, -1488619394L, 1319219683L, 
-2011645833L, 286706024L, 1067259309L, 519097378L, 1828636120L, 
-1438719849L, 2042777870L, 1356666489L, -1118590322L, 644893566L, 
-1553020983L, 524460997L, -1525799011L, 183370695L, -1567809226L, 
1202112274L, 1661506947L, 1832738377L, 1366367604L, 737853424L, 
736696627L, -876029604L, -1200145238L, 28657898L, -1246838072L, 
-85709518L, -755198719L, 418159819L, 326250149L, 1107971299L, 
1871684635L, -725912504L, 1093181993L, 1258723060L, 1403000535L, 
-495014639L, 1592354175L, -1042573491L, 1326828584L, 803792771L, 
331984744L, 1807629584L, -2111279892L, -827342929L, 267670890L, 
1508973625L, 1162585550L, -127746555L, 1590704329L, 1744791726L, 
1182312052L, -570361843L, -712355067L, 1046834324L, 1816847487L, 
169656200L, -9402130L, 877183231L, 120093187L, 590219690L, -2083116397L, 
-38490882L, 57406113L, -67162617L, -537665821L, 1438457218L, 
-868193931L, -2120584996L, 982138266L, 239154936L, 1686148911L, 
341967383L, -192017403L, 1212507585L, 883996872L, 2024193110L, 
-963456744L, 526879528L, -1090328005L, 1246232975L, -1854611154L, 
-1517667967L, -940531658L, 472295659L, -664136898L, -1636072097L, 
344758158L, -278967777L, 1974911301L, 1360513726L, 1411640111L, 
1620069497L, 1063258565L, 136784402L, 1912531571L, -975943199L, 
248559758L, 2023449134L, 42424337L, 1412599156L, 997205044L, 
-1387409306L, -1645388105L, -1959529566L, 1337795208L, -1040834012L, 
-1822902319L, -244282812L, 1108202448L, 231014092L, -879050596L, 
1463016372L, 367089909L, 1394582759L, -398957183L, -1388043450L, 
519543261L, -1928292575L, 776289621L, -2085681524L, -549998097L, 
-2038005585L, -1253939747L, 1649105113L, -73274019L, 1666246352L, 
537043618L, 1574083181L, -525032760L, -145235871L, -1260296669L, 
528648577L, 407616126L, -1359534502L, -406750765L, 1400148372L, 
-63980454L, 309921102L, 1342375912L, 171587852L, 1281153447L, 
-350212791L, 135129296L, 1232094710L, -657352417L, -116672446L, 
1948640689L, -406945460L, 1279497250L, -513434851L, -1193336421L, 
-320711860L, 842961179L, 466166271L, 2034244390L, -1695528013L, 
-856633599L, -1185073192L, 1860334992L, -1791512363L, 749226386L, 
-1570786278L, 964384443L, 339489528L, 195576834L, -974750718L, 
-1617650322L, -1606551478L, -781674502L, 1350835253L, 102326608L, 
-2083653618L, -2089024625L, -692842138L, -1829189124L, 1927654348L, 
375404328L, 1612434353L, -816298090L, -360137547L, -118013933L, 
1375789690L, 1235313566L, 1819315385L, 2042249326L, -1224038270L, 
-1752995962L, 1651163273L, 837131056L, -943539026L, -1677359075L, 
609108171L, 1692249914L, 879052559L, 1215474071L, 89712867L, 
1752514776L, 257703643L, -3532711L, -35798158L, 1347781889L, 
1016808292L, -858219158L, 1956556255L, 744901752L, 1324738239L, 
-572874535L, -1383994468L, -1054123527L, 760670498L, -1824939259L, 
890868262L, -1358241178L, -1152632792L, -2070225231L, 393988496L, 
