`.Random.seed` <-
c(403L, 544L, -105934528L, -863931920L, -1343676572L, 330208908L, 
985370672L, -1439153903L, 1828461345L, -1430575273L, 1851120633L, 
230785420L, 877138646L, -1857313530L, 1340997037L, -1646208878L, 
-1619673396L, 1235603222L, 1779329990L, 99232149L, -575969169L, 
-1091642872L, -1397405273L, 1723152472L, -130351163L, -2061074653L, 
1091109809L, -751136522L, 1257566747L, 366212284L, 1477165481L, 
-302317277L, -1720381216L, -567343409L, -1535834938L, 966553230L, 
-1807077493L, -1524778416L, -1434283458L, -294332984L, -84455311L, 
-261848409L, -717499586L, -1186707053L, -1810264244L, 774706736L, 
290545365L, -755797263L, -1778702541L, -584823424L, 1916009970L, 
1300128120L, -170197271L, 2019790324L, 1777182816L, -1659734000L, 
1632367265L, -34927880L, 1854561191L, 323599827L, -1171918506L, 
1431886574L, 603562976L, -472682397L, 554305241L, -623012469L, 
391968L, 961283240L, -819401596L, 2004319124L, -717182875L, -1528184622L, 
1860746101L, -286866596L, 2013883795L, 1802029467L, -1117532071L, 
-1353999371L, 632685745L, -2072442215L, -956016968L, 1966546496L, 
1034413374L, 547226880L, 1579006640L, -524713898L, -218542326L, 
-1896449174L, -611440528L, -1006328262L, -2009725955L, -1294600580L, 
112791285L, -2132898014L, -1280412880L, 1701607982L, 854577917L, 
1691428320L, 1465890633L, -1470944933L, 810738223L, 1115079967L, 
-69731747L, -140634978L, 97756489L, 707488485L, 793249958L, -841413250L, 
-1307789900L, 1011047128L, -1718014954L, 316164810L, 1651036211L, 
-678500541L, -204138742L, 1855598947L, -1584407174L, 233728136L, 
1499210528L, 678844726L, 2042859733L, -1957422926L, -1619864070L, 
162514424L, 157806201L, -1570903029L, -1945440480L, 825689348L, 
-1152880981L, -294337100L, 1035769514L, -201063991L, -1224420342L, 
-349220447L, -1319603953L, 1196290986L, 1841920155L, -486446210L, 
-4557307L, -2074952552L, 26955989L, 568302516L, 434648529L, -931081710L, 
-1929959737L, -1520791121L, 1925338314L, 1482712775L, -1277193259L, 
441723447L, -716529758L, 1712152336L, -1249010646L, -951730811L, 
-1011554820L, -934741899L, 378659404L, 935796566L, 1082143067L, 
518272225L, 1978845395L, 1290534527L, -471063435L, -294451568L, 
-950501205L, 664361432L, 1069134360L, -1559723168L, 1467150810L, 
-468977724L, 1149725669L, -1823614217L, 1446551738L, 214926314L, 
863191461L, 632259084L, 1443494055L, 829103146L, -1837832525L, 
-1378655012L, -1288552815L, -1226939903L, 1698347598L, -1328911167L, 
-122332132L, 1218879719L, 1438137314L, 1823321214L, 951766001L, 
-1598240854L, 1286966679L, -1320085638L, 220321345L, -1473917394L, 
-93234094L, 1806698195L, 1417079044L, -52800330L, 1607608485L, 
-1746562175L, 2119247986L, 1056370824L, 1399250827L, -627233004L, 
-1114625050L, 1505781053L, -1385601319L, 2095798597L, 713076633L, 
522759047L, -228788719L, -823983905L, 1739690042L, -1543982978L, 
930992261L, 1044683333L, 45310639L, -2083644853L, -1842649906L, 
1174303273L, -416613743L, -2051624705L, 877326518L, 62208346L, 
-1066577617L, -1161209844L, -1797848463L, 172431866L, 1318346805L, 
-1662562151L, -604204525L, -1061259882L, -1618573484L, 128513397L, 
-364600781L, 154687568L, 1411093737L, 1052338257L, 1799382629L, 
1240853261L, -800606470L, -1017668738L, -1394601903L, 1402686385L, 
654871240L, 1106098935L, -1657212650L, 336395493L, 2019108901L, 
-1401524168L, -1992122489L, -1858670130L, -1708517081L, 1937175498L, 
1051167015L, 1726474902L, -1909754679L, 1045787250L, 1828701243L, 
-1610434013L, -1012495962L, -1376454842L, -1749040833L, 885515376L, 
1904005012L, 1714910937L, 1079542913L, 1111030625L, -964735317L, 
-335505675L, -1884777362L, 247320294L, 1026963209L, -1284576523L, 
-576441192L, -488920080L, -193521197L, -85249199L, -1656008337L, 
-2131462303L, 596702511L, -429692978L, -1855042401L, -1786327664L, 
-1832837633L, 2141496370L, 1033945750L, 446329862L, 1938587125L, 
216747592L, -251699663L, 81258714L, 345848265L, -1276174838L, 
378227639L, -723030850L, 1497963833L, -723147973L, 225519453L, 
522355456L, 1412667667L, 1810736411L, 414874093L, -1242339445L, 
630640691L, 1279601242L, 520583857L, 181128145L, -1973679128L, 
-477264848L, 297066666L, -1587639750L, -1430808749L, 227194517L, 
-1480051949L, -747815292L, 1538583057L, -73128809L, 1141532480L, 
59636670L, -517347064L, 741422748L, -1446175165L, -1759214936L, 
-1855655634L, -494475574L, 1560236338L, -1912447375L, 1083388160L, 
-1409155178L, -1710950823L, -171282263L, 1840288850L, -1713903301L, 
-747779036L, 1218314082L, 2020293410L, -904097207L, 172186664L, 
-546589431L, 1450713024L, 1952019933L, 1781851006L, -1104768900L, 
435623968L, 1295173258L, 2027907667L, 748615110L, 718447L, -123231347L, 
1549665811L, 2132048414L, -691784736L, -2011749422L, 74853595L, 
-450817566L, -1353170453L, -1178463118L, 1227771629L, 643591318L, 
1721253232L, 476017837L, -1695724500L, 1921406209L, 1924304411L, 
-186689214L, 1396144388L, -1411671333L, 1591938798L, 1068179699L, 
-516738908L, 257487037L, -511747824L, -253886837L, -2038339450L, 
-1962021086L, 2018403773L, 550715573L, -1077486058L, -1688238638L, 
509480508L, 1316756665L, -1665518700L, 985205326L, 306198293L, 
9858146L, 536132474L, -660865371L, 662431159L, 1688902303L, -1402698493L, 
1502010971L, 107506848L, 1708858965L, -294968935L, -1164445510L, 
580597091L, 986195927L, -1533805983L, -810669124L, 422476577L, 
988301479L, -176236701L, 994200823L, -650374806L, 508002559L, 
1600733870L, -517817407L, -412978137L, -661543039L, -1605408801L, 
2065070691L, -423833400L, 1549731365L, -1589535166L, -1724575707L, 
1102992199L, -1102092674L, -533948143L, 1561508813L, 1398270886L, 
972419243L, -1278372431L, -203730000L, -1450904062L, -201476064L, 
-164552007L, -11450572L, 1420199745L, -1016717204L, 1694153850L, 
1424516880L, 13819507L, -790406262L, -959202813L, -793036755L, 
-1206581081L, -527469866L, -451383359L, 553981380L, -1954506389L, 
82014526L, -1708147725L, -372624230L, -982871359L, -1883131949L, 
-253559059L, -219646647L, -512457378L, -1469130955L, 1783239193L, 
-1431652623L, 628190589L, 725241197L, -1278372545L, 817848997L, 
327715037L, -1857360352L, 2006593509L, 1222443153L, 283889928L, 
712644412L, 749481540L, -353651090L, 892555073L, -2040579498L, 
1745420730L, -1284291091L, 1090587485L, -102553003L, -7176037L, 
1115900554L, 1267281897L, -508785717L, -148171817L, -1334505800L, 
-263311935L, 1530182468L, -423954853L, -2142735661L, 211302444L, 
437602930L, 1699496808L, 254937464L, -957512548L, -570851605L, 
1942450343L, -1863492493L, 1574304360L, -154819123L, -1540962497L, 
1876146567L, 98810166L, -708738593L, 1933510448L, 1633865444L, 
-564085018L, 1159451522L, 722738398L, -902973838L, 543819225L, 
1968943994L, -356505479L, -1431904990L, -254876884L, -1580469516L, 
1740064822L, -777613251L, -420095962L, 1124628271L, -492462239L, 
-1944985222L, 1222293045L, 1888213742L, 1597718255L, 1925622614L, 
91490663L, 1144513232L, -1005647529L, 554809056L, -1714774643L, 
348119809L, 712684353L, -1349230404L, 1629519062L, -1836048159L, 
240893142L, -571782030L, -1801539318L, 1378234366L, -1081808944L, 
-270446601L, -1391600716L, 768882634L, -1889962252L, -605886260L, 
586989446L, -1012043640L, 238586800L, 55107782L, 762074891L, 
-947909364L, 1954962682L, 2105939813L, 1885463570L, -762967141L, 
-870369321L, -1180910890L, 1311987152L, 1403853164L, 1942538521L, 
1952036570L, 184011975L, 1086843946L, 1115032923L, 548026091L, 
380548211L, 1913484839L, 1039500593L, 1598425448L, 1104060059L, 
-656399669L, -1523634287L, -2145094642L, 671238290L, -1765927852L, 
-719763826L, 1647132997L, 1544967162L, 1856759348L, 582864895L, 
302964129L, 1776777709L, -1859804867L, 1291301089L, -607112689L, 
783189434L, 1272356496L, -354393999L, 422811899L, -1289511920L, 
-437480965L, 372504416L, -1635703372L, 1366467840L, 1546074209L, 
445769753L, 592110315L, 821373453L, 785071201L, -1161778624L, 
61959594L, -2022856430L, 730329971L, -1004933527L, 592072267L, 
-486630734L, -1295389116L, 1356028001L, 270927263L, 1532281336L, 
2134962895L, -864840858L, -1623974577L, -1280150411L, 1550484730L, 
